 2.061 2.181 2.016 2.003 2.016 2.037 2.194 1.634 1.607 1.59 1.593 1.642 1.646 2.194 1.537 1.393 1.4 1.447 5 0.729 1.556 2.087 2.095 2.108 1
 0.786 0.8179999999999999 1.535 2.095 2.935 5 5 1.556 5 1.498 1.483 1.491 1.545 1.74 5 0.727 0.715 0.723 0.745 0.767 0.789 0.771 0.759 0.771 1
 1.31 1.302 1.316 1.34 1.365 5 2.921 2.384 1.701 1.666 5 0.834 0.8169999999999999 0.805 0.8159999999999999 0.837 1.064 0.575 0.57 0.5669999999999999 0.584 0.743 5 5 3
 1.423 1.44 1.467 5 5 4.424 1.798 1.789 1.8 1.85 1.871 1.583 1.352 1.336 1.35 1.372 0.539 0.524 0.497 0.489 0.498 5 0.874 1.414 2
 1.029 5 1.898 2.591 2.737 2.733 5 2.09 3.68 5 2.607 2.595 2.734 5 5 0.764 0.681 0.676 0.6889999999999999 0.721 0.423 0.982 0.917 1.016 1
 1.497 1.498 1.513 1.553 1.567 3.299 3.234 3.226 4.486 3.83 5 5 1.445 1.435 1.419 1.021 0.537 0.556 0.498 0.485 0.5 0.6909999999999999 1.009 1.23 2
 5 2.614 2.592 2.517 1.762 1.746 1.768 1.249 1.195 1.205 1.417 1.141 3.509 0.859 0.8129999999999999 0.825 1.018 1.007 5 0.923 0.91 5 3.747 3.682 3
 2.19 1.738 1.707 1.493 1.159 1.146 1.152 1.173 0.892 1.496 0.833 0.821 0.84 5 1.068 1.048 1.069 0.964 1.023 4.426 3.709 5 2.601 2.586 3
 3.638 5 2.652 2.653 2.195 1.425 1.881 1.342 1.327 1.328 1.438 1.591 1.641 0.786 0.767 0.77 5 0.886 0.878 0.887 0.788 0.788 5 4.846 3
 0.826 0.858 1.659 1.634 1.628 1.634 1.662 1.679 3.027 2.921 2.908 5 5 5 0.795 0.654 0.632 0.638 0.661 0.6850000000000001 0.822 0.806 0.797 0.804 3
 1.188 1.777 1.752 1.763 1.665 3.166 5 3.954 5 5 1.769 1.753 1.737 1.029 0.842 0.651 0.54 0.537 0.554 0.576 0.987 1.378 1.181 1.176 3
 2.037 2.746 2.885 5 5 5 5 1.511 1.504 1.513 1.782 1.794 0.839 0.79 0.785 0.798 0.844 0.859 1.348 0.759 0.755 0.772 0.84 0.825 3
 1.938 5 2.452 5 5 3.277 3.261 2.909 2.895 2.913 1.984 4.782 5 0.951 4.134 0.495 0.879 0.739 0.916 0.763 0.783 0.798 1.763 1.423 1
 3.654 2.658 2.645 2.655 1.898 1.878 1.7 1.329 1.322 1.33 1.473 1.183 0.8090000000000001 0.779 0.769 0.775 5 0.884 0.885 0.802 0.79 5 4.413 3.642 3
 1.186 1.637 2.42 2.649 2.646 5 5 3.271 2.829 2.811 2.802 2.815 1.809 3.869 0.796 0.764 0.758 0.871 0.854 0.75 0.731 0.857 0.856 0.903 3
 1.361 5 1.897 1.908 3.206 3.206 5 4.545 5 5 1.59 1.633 1.595 0.865 5 0.543 0.49 0.49 0.504 0.576 1.059 1.37 1.345 1.347 3
 1.306 1.326 1.357 5 2.912 2.833 2.404 1.676 5 4.956 0.831 0.822 0.833 0.856 0.884 1.628 0.591 0.583 0.596 0.749 5 5 1.334 1.295 3
 1.05 1.607 1.607 1.631 1.571 5 5 3.978 5 5 1.902 1.834 1.539 1.187 5 0.613 0.603 0.61 1.647 0.661 1.052 1.035 1.02 1.114 1
 0.887 5 2.435 2.439 2.654 2.667 5 2.856 3.275 2.81 2.797 2.96 1.794 5 5 0.754 0.743 0.749 0.35 0.839 0.803 0.735 0.854 0.879 2
 0.664 1.555 1.547 5 3.506 1.78 1.759 1.743 1.784 1.776 2.24 2.258 1.29 1.279 1.287 1.307 1.327 0.574 0.55 0.541 0.547 4.492 0.604 1.507 1
 0.745 0.788 2.033 2.88 5 5 1.639 1.588 1.562 1.547 1.571 1.573 1.829 5 0.776 0.766 0.775 0.794 1.096 0.728 0.702 0.695 0.702 0.727 3
 1.464 2.491 2.494 1.928 1.919 1.926 5 1.971 2.28 2.254 2.243 2.312 2.753 5 5 5 5 0.392 0.476 0.429 1.463 1.448 1.438 1.448 2
 3.668 3.745 2.635 2.622 2.635 1.835 1.813 1.287 1.272 1.259 1.269 1.288 1.174 1.583 0.874 0.795 0.805 0.83 0.949 0.97 0.861 0.853 0.865 4.425 3
 0.905 5 1.485 1.5 1.48 5 5 4.051 5 5 2.546 2.051 1.628 1.328 2.093 0.645 0.629 0.636 0.746 0.679 0.905 0.882 0.86 0.869 1
 1.616 5 5 3.244 5 5 1.876 2.604 1.808 2.601 1.758 1.741 1.743 1.527 2.329 0.535 0.497 0.485 0.491 0.5620000000000001 0.53 0.583 1.067 1.736 2
 1.17 1.318 1.309 1.315 4.769 4.186 5 2.943 2.859 2.419 1.678 1.288 0.841 0.806 0.796 0.8070000000000001 0.826 1.045 0.57 0.543 0.534 0.555 0.597 5 3
 0.481 0.515 5.018 3.664 2.956 2.927 2.947 2.993 1.697 2.622 1.651 1.641 1.645 1.269 0.765 0.592 0.489 0.482 0.495 0.531 0.462 0.499 0.483 0.473 3
 2.139 2.37 5 5 5 2.372 3.241 2.911 2.957 3.148 3.971 1.078 1.059 1.037 0.591 0.957 0.919 0.789 0.8 0.775 0.792 0.8129999999999999 1.182 1.557 3
 1.379 5 1.333 1.323 1.332 4.819 5 5 5 2.928 2.479 1.732 1.758 5 0.792 0.783 0.794 0.8110000000000001 0.989 0.625 0.469 0.462 0.485 0.595 3
 2.183 1.718 1.703 1.425 1.152 1.141 1.151 1.478 1.478 1.488 0.83 0.82 0.83 0.852 1.06 1.055 0.974 0.964 5 4.432 2.639 5 5 2.583 3
 3.61 5 2.669 2.651 2.126 2.52 1.415 1.62 1.378 1.362 1.373 1.4 1.435 0.876 0.767 0.759 0.769 0.791 0.841 0.853 0.755 0.746 0.756 4.853 3
 0.48 1.476 1.444 1.428 1.439 1.459 1.486 2.671 2.687 3.29 5 3.927 5 5 0.844 0.8129999999999999 0.828 1.015 1.135 0.453 0.43 0.424 0.432 1.613 3
 1.385 1.413 1.432 2.565 3.188 3.193 5 5 5 5 0.897 0.865 0.881 1.094 5 0.609 0.505 0.5 0.509 0.545 0.837 1.418 1.382 1.377 3
 0.944 5 1.71 2.466 2.674 2.735 5 2.168 3.251 3.257 2.761 2.762 2.904 3.833 0.905 0.738 0.721 0.727 0.755 0.862 0.766 0.756 0.869 0.894 1
 2.346 2.337 2.331 2.245 1.919 1.619 1.329 1.316 1.327 1.528 1.775 1.788 1.828 1.081 1.095 1.108 1.089 2.401 2.382 2.372 2.381 4.2 2.435 5 4
 1.214 5 4.086 4.072 2.856 2.842 2.842 1.752 1.737 1.754 0.926 0.9 0.9 0.92 1.133 1.152 0.576 0.5659999999999999 0.5679999999999999 0.646 0.609 1.097 5 1.217 3
 2.182 2.163 2.153 2.166 1.971 2.089 1.788 1.54 1.533 1.548 1.806 1.694 1.279 1.266 1.249 1.28 2.633 2.654 2.175 2.153 2.143 2.162 2.619 2.202 4
 2.442 1.814 1.801 1.438 1.275 1.264 1.279 1.323 1.188 0.928 0.838 0.827 0.844 5 0.965 0.977 0.862 0.854 5 4.832 3.648 2.634 2.608 2.599 3
 0.95 5 3.048 4.126 5 2.849 1.875 2.088 2.702 2.715 1.976 1.957 1.968 1.991 3.275 3.922 0.551 0.546 0.555 0.583 0.903 0.891 0.902 0.925 1
 0.67 4.853 1.329 1.445 1.433 1.458 5 1.474 5 5 2.769 2.271 1.533 1.533 4.905 0.6899999999999999 0.678 0.6860000000000001 0.714 0.961 0.6919999999999999 0.667 0.648 0.658 1
 0.962 5 3.077 4.133 5 2.878 1.886 2.704 2.699 1.954 1.94 1.927 1.942 2.069 0.573 5 0.513 0.512 0.525 0.569 0.9350000000000001 0.897 0.908 0.9370000000000001 3
 1.427 5 5 5 5 2.825 5 2.835 2.823 2.829 5 2.145 2.156 2.176 3.397 0.606 0.584 0.578 0.587 1.689 0.752 0.743 0.753 0.774 1
 1.921 1.945 1.967 5 1.989 1.974 1.988 2.31 2.31 2.052 1.805 1.769 1.78 1.799 1.826 1.614 1.426 1.415 1.43 1.449 0.61 1.055 1.915 1.91 4
 1.553 1.985 1.602 1.927 1.913 1.909 1.931 2.562 2.551 2.563 2.261 2.163 2.178 2.729 5 5 5 5 0.436 0.529 0.743 1.566 1.544 1.54 2
 2.418 1.802 1.799 1.267 1.256 1.317 1.374 0.888 1.595 0.833 0.822 0.83 5 5 0.975 0.995 0.863 5 4.409 4.835 2.629 2.616 2.557 2.533 3
 1.595 2.402 2.617 5 2.205 2.14 3.833 2.812 2.798 2.803 5 3.836 0.973 0.802 0.786 0.795 0.389 0.872 0.777 0.753 0.852 0.905 4.301 5 3
 1.6 1.609 1.632 5 5 5 1.714 1.704 1.715 2.167 1.763 5 5 1.207 1.218 1.413 1.271 0.606 0.587 0.581 0.589 5 0.652 1.585 1
 2.182 2.173 2.311 5 3.079 3.225 2.987 2.967 4.147 5 4.015 1.414 5 5 1.056 1.035 0.857 0.826 0.716 0.706 0.715 3.071 1.17 1.683 1
 1.901 2.14 2.252 5 5 2.246 3.243 3.005 4.179 3.333 4.051 1.471 5 4.282 5 1.053 0.895 0.825 0.6899999999999999 0.676 0.6919999999999999 5 1.115 1.633 1
 3.743 3.677 5 2.656 2.641 2.651 2.453 1.319 1.848 1.274 1.265 1.275 1.548 1.157 0.893 0.804 0.777 0.788 0.8129999999999999 0.845 0.871 0.858 0.845 0.857 3
 0.791 0.8149999999999999 2.037 2.716 2.927 5 5 3.027 5 1.472 1.463 1.47 5 5 5 0.799 0.774 0.783 0.805 0.84 0.773 0.852 0.751 0.763 1
 2.168 2.402 2.43 5 5 3.241 3.237 2.892 2.896 2.91 2.011 4.825 1.014 0.994 1.553 0.9350000000000001 0.908 0.766 0.786 0.772 0.792 5 5 5 1
 2.73 3.642 5 2.663 2.63 2.211 2.194 1.382 1.355 1.342 1.357 1.479 1.195 1.612 0.766 0.755 0.76 0.782 5 0.861 0.791 0.776 0.776 4.425 3
 1.843 5 2.353 5 5 2.06 3.253 3.258 2.928 2.942 2.059 3.98 1.421 5 1.598 0.954 0.9330000000000001 0.778 0.777 0.755 0.762 0.777 5 5 1
 0.655 1.318 1.307 1.327 4.196 4.752 5 2.857 3.008 2.411 1.579 1.698 0.923 0.8090000000000001 0.804 0.8169999999999999 1.051 0.884 1.099 0.542 0.554 0.582 0.595 0.626 3
 0.428 0.468 1.446 1.434 1.45 1.603 5 1.531 2.725 3.336 3.334 5 5 5 0.827 0.8129999999999999 0.827 0.999 0.999 1.312 0.395 0.386 0.408 0.412 3
 1.284 1.415 1.441 3.243 2.823 2.816 5 2.931 2.915 2.919 2.286 2.271 2.286 1.272 3.481 3.502 0.598 0.595 0.608 0.651 0.645 0.636 0.646 1.264 1
 1.209 1.234 1.262 5 5 2.823 2.578 1.721 5 4.941 0.9419999999999999 0.913 0.925 0.955 1.166 1.675 0.585 0.584 0.601 5 1.098 5 1.209 1.197 1
 1.62 1.654 1.67 1.908 1.859 1.855 1.87 1.977 2.463 2.468 2.115 2.093 2.108 2.13 5 1.764 5 5 4.659 0.591 0.849 1.639 1.614 1.617 1
 2.061 2.208 2.016 2.004 2.016 2.038 2.194 1.621 1.601 1.591 1.592 1.641 1.648 2.193 1.411 1.392 1.4 2.729 5 0.727 1.557 2.089 2.097 2.103 1
 1.12 5 3.254 4.231 5 5 1.872 2.591 1.767 2.64 1.724 1.715 1.741 1.745 0.755 0.496 0.471 0.465 0.473 0.608 0.533 1.061 1.763 1.745 3
 2.508 2.527 2.001 2.06 1.722 1.326 1.317 1.326 1.462 1.663 1.673 0.92 0.908 0.921 5 5 0.976 0.992 0.8 2.382 4.316 4.771 3.574 2.519 1
 2.585 2.596 2.35 1.722 1.572 1.178 1.166 1.274 1.496 1.493 1.506 0.83 0.82 0.829 5 1.045 1.043 1.056 0.945 5 4.822 3.708 5 2.599 3
 2.161 2.152 2.17 5 5 3.222 3.221 2.975 3.304 3.3 4.025 1.439 5 5 5 1.044 0.881 0.766 0.708 0.698 0.712 3.068 1.156 1.721 1
 1.675 1.69 1.717 5 5 5 1.657 1.647 1.658 1.68 1.704 1.153 2.134 1.131 1.14 1.16 1.188 0.65 0.632 0.627 0.635 5 0.71 1.669 1
 2.635 2.644 2.459 1.387 1.875 1.334 1.321 1.333 1.488 1.591 5 0.789 0.778 0.791 5 0.915 0.852 0.8090000000000001 0.793 0.796 4.403 3.701 3.633 2.656 3
 1.309 1.45 1.485 2.852 5 2.816 5 2.065 2.896 2.896 5 2.245 2.256 2.427 3.464 0.63 0.606 0.595 0.604 0.632 0.673 0.663 0.674 0.694 1
 1.306 5 1.858 1.871 3.199 3.198 5 3.906 5 5 1.644 1.676 1.558 0.904 5 0.57 0.497 0.493 0.506 0.675 1.039 1.324 1.302 1.297 2
 1.055 1.092 1.102 5 3.974 5 2.836 2.813 2.612 2.629 1.79 1.282 1.029 1.019 1.032 1.054 1.249 1.3 0.602 0.593 0.604 5 1.013 1.017 1
 0.618 5 1.321 1.32 5 4.958 4.175 5 2.871 2.87 2.422 1.53 1.706 5 0.793 0.793 0.8149999999999999 0.842 1.039 3.395 0.526 0.539 0.5610000000000001 0.742 3
 1.211 1.235 1.277 5 5 2.823 2.578 1.72 5 4.945 0.9399999999999999 0.911 0.923 0.95 1.163 3.434 0.584 0.584 0.6 5 1.1 5 1.239 1.199 1
 1.327 1.514 1.878 1.878 3.221 3.193 3.202 3.913 5 5 1.651 1.594 1.579 1.576 0.876 0.662 0.503 0.491 0.5 0.544 0.544 1.081 1.334 1.319 3
 1.992 2.022 2.026 2 1.991 2 2.038 1.786 1.765 1.745 1.734 1.743 2.065 2.314 1.677 1.426 1.415 1.424 2.794 2.023 0.829 1.974 1.964 1.98 4
 0.613 1.557 1.565 1.824 2.035 2.038 5 3.184 5 3.757 5 5 1.422 1.37 1.412 1.038 0.743 0.658 0.517 0.505 0.514 0.644 0.5669999999999999 0.593 1
 1.45 1.831 1.828 1.847 3.176 4.376 4.584 5 5 5 1.665 1.709 0.961 0.9409999999999999 0.6919999999999999 0.527 0.511 0.516 0.643 0.5639999999999999 1.04 1.279 1.263 1.284 3
 2.021 2.748 2.884 5 5 5 1.581 1.537 1.537 1.548 1.818 0.838 0.8120000000000001 0.795 0.8 1.508 1.133 0.779 0.746 0.726 0.734 0.757 5 0.806 3
 1.112 1.148 5 3.265 5 5 5 2 1.774 2.576 1.729 1.701 1.697 1.709 1.75 1.763 0.479 0.455 0.454 0.474 0.487 1.559 1.073 1.088 2
 2.391 2.244 1.662 1.645 1.255 1.238 1.241 1.257 1.685 1.687 1.057 1.038 1.039 5 5 1.121 1.132 0.9330000000000001 2.46 2.482 2.456 3.533 2.425 2.394 4
 1.348 2.428 5 5 4.387 5 5 1.81 5 5 1.468 1.447 1.432 1.436 1.464 1.59 0.61 0.499 0.49 0.499 0.514 5 1.34 1.337 2
 1.419 1.454 1.469 2.627 2.648 3.247 5 5 5 5 0.85 0.832 0.854 1.053 1.069 0.5669999999999999 0.469 0.464 0.474 0.507 0.823 1.448 1.415 1.414 3
 1.357 1.402 1.415 1.435 2.579 3.224 3.22 3.245 5 5 0.919 0.893 0.888 0.9340000000000001 1.116 0.545 0.506 0.489 0.489 0.513 0.53 1.553 1.38 1.36 3
 0.644 0.674 5 5.017 3.79 5 2.94 5 2.901 2.171 1.483 1.456 1.448 1.452 1.563 1.574 0.589 0.49 0.474 0.482 0.5 0.616 0.605 0.674 2
 1.938 2.218 2.15 5 5 1.893 5 2.905 2.905 2.92 3.29 3.971 1.417 1.257 1.618 1.58 1.104 1.115 0.854 0.785 0.788 0.8139999999999999 0.843 0.872 1
 1.122 1.155 1.841 3.256 4.262 5 5 2.601 2.585 2.584 1.741 1.723 1.722 1.737 1.775 1.795 0.506 0.482 0.482 0.501 0.518 0.572 1.078 1.094 2
 0.444 0.82 1.515 1.446 1.442 1.454 1.482 1.508 2.691 2.702 3.3 5 3.922 5 5 0.88 0.798 0.824 1.003 0.468 0.433 0.431 0.415 0.428 2
 0.605 1.416 1.414 1.38 1.396 1.42 1.442 2.612 3.265 3.244 5 5 5 5 5 0.821 0.832 0.863 5 0.483 0.462 0.457 0.466 0.512 2
 0.867 2.035 2.904 5 5 3.99 1.555 1.456 1.447 1.448 2.62 2.116 5 0.8100000000000001 0.799 0.8080000000000001 0.825 1.167 0.802 0.78 0.77 0.775 5 5 3
 1.423 1.443 1.472 5 5 4.43 1.798 1.787 1.802 1.825 1.854 1.365 1.354 1.349 1.367 1.519 0.549 0.522 0.508 0.503 0.527 4.437 0.884 1.415 1
 1.787 1.857 5 5 4.255 5 5 1.852 2.562 1.762 1.704 1.685 1.677 1.717 1.812 0.748 3.123 0.488 0.48 0.487 0.653 1.124 1.108 1.147 2
 1.473 5 5 5 2.831 2.81 2.195 5.087 3.439 4.391 5 2.249 2.26 5 3.44 5 0.614 0.604 0.613 0.644 0.67 0.665 0.676 0.703 1
 2.47 2.599 2.633 1.788 1.774 1.42 1.238 1.225 1.239 1.441 1.542 0.911 0.834 0.8159999999999999 0.827 0.852 0.987 1.019 0.895 0.888 5 4.424 3.675 5 3
 2.107 5 2.619 2.631 5 2.358 3.234 2.81 2.778 2.789 1.797 3.854 0.955 0.803 0.792 0.8 0.407 0.895 0.888 0.906 0.89 0.905 5 0.963 3
 5 1.088 2.339 2.34 3.11 5 5 5 5 1.4 1.18 1.199 2.547 5 5 0.594 0.582 0.587 0.609 0.631 1.058 1.045 1.03 1.063 1
 1.011 1.043 1.611 1.62 1.591 3.124 5 4.025 5 5 5 1.928 1.858 1.191 5 0.623 0.581 0.58 0.595 0.901 1.048 1.249 1.011 0.999 1
 1.392 1.404 1.431 1.456 1.949 3.219 3.214 3.229 4.527 5 5 1.574 1.534 1.447 0.834 0.827 0.5669999999999999 0.497 0.483 0.495 0.637 0.926 1.142 1.397 3
 0.86 5 2.418 2.418 2.642 5 5 2.18 3.291 2.833 2.819 2.988 1.818 5 5 0.758 0.746 0.756 0.341 0.8179999999999999 0.805 0.715 0.827 0.899 2
 0.552 0.544 1.589 1.488 1.48 1.486 1.518 1.532 2.645 3.247 3.226 5 5 5 0.979 0.779 0.769 0.776 0.8 0.831 0.52 0.493 0.486 0.493 1
 1.626 5 5 5 5 5 1.875 2.604 1.805 2.601 1.758 1.742 1.747 1.525 1.803 1.905 0.494 0.485 0.491 0.5629999999999999 0.531 0.587 1.067 1.736 2
 1.188 4.677 1.236 5 2.832 2.36 2.427 1.718 4.941 1.082 0.962 0.954 0.97 1.209 1.234 3.445 0.625 0.627 0.645 5 1.084 5 1.167 1.166 1
 0.717 0.746 1.47 2.749 2.894 2.921 5 1.613 1.599 1.566 1.557 1.563 1.599 1.828 1.85 0.761 0.751 0.759 1.176 0.747 0.71 0.695 0.6860000000000001 0.6929999999999999 1
 0.454 0.437 0.471 1.453 1.448 1.454 1.496 1.502 2.725 3.339 3.335 5 3.939 5 5 0.8110000000000001 0.787 0.8169999999999999 0.977 0.987 0.415 0.384 0.374 0.384 1
 0.8149999999999999 0.86 1.434 1.451 1.462 1.48 4.833 4.111 5 5 2.198 1.426 1.407 2.155 5 0.66 0.65 0.657 0.681 0.718 0.8129999999999999 0.797 0.787 0.797 1
 1.313 1.339 5 5 5 4.374 5 1.816 1.827 2.404 1.874 1.488 1.476 1.464 1.479 1.503 0.531 0.507 0.489 0.484 0.497 4.375 2.288 1.308 2
 0.981 0.991 1.726 2.265 3.079 3.093 5 5 5 5 1.278 1.293 2.553 5 5 0.628 0.615 0.624 0.642 0.667 0.965 0.945 0.9330000000000001 0.969 1
 1.416 1.46 2.408 1.868 1.856 1.881 5 1.9 2.639 2.343 2.32 2.32 2.338 2.857 5 5 0.46 0.444 0.46 0.479 1.421 1.403 1.388 1.395 2
 0.577 5 5 1.371 1.383 5 4.234 1.454 5 2.977 2.416 1.671 1.434 5 0.766 0.746 0.749 0.777 0.799 0.5669999999999999 0.55 0.527 0.531 0.625 3
 1.432 1.423 1.415 1.427 1.642 1.485 2.651 2.663 3.275 5 5 5 0.886 0.849 0.84 0.849 1.037 0.49 0.467 0.451 0.443 0.456 0.484 0.8169999999999999 3
 0.888 5 2.437 2.437 2.652 2.665 5 2.859 3.275 2.809 2.796 2.814 1.792 3.873 0.9429999999999999 0.753 0.742 0.748 0.35 0.839 0.803 0.736 0.856 0.91 2
 0.877 5 1.623 2.434 2.659 5 5 2.174 3.279 2.818 2.803 2.812 1.796 3.868 0.9409999999999999 0.75 0.737 0.746 0.345 0.829 0.786 0.722 0.846 0.896 2
 1.209 2.408 2.392 2.404 3.051 5 5 1.089 5 1.189 1.027 1.045 5 5 5 0.607 0.598 0.604 0.634 0.651 1.208 1.196 1.182 1.255 1
 2.105 2.092 2.069 2.064 2.08 1.781 1.947 1.576 1.567 1.553 1.564 1.873 2.13 1.523 1.417 1.341 1.355 1.376 5 0.798 2.137 2.129 2.141 2.168 1
 0.845 3.758 3.698 5 2.255 2.238 2.613 1.355 5 1.307 1.292 1.303 1.419 1.538 1.557 0.729 0.717 0.726 0.748 0.889 0.85 0.898 0.819 0.827 1
 1.169 1.162 1.178 4.662 4.003 5 5 2.785 2.561 2.087 1.724 1.096 0.959 0.948 0.96 0.98 1.208 0.648 0.628 0.619 0.629 5 1.089 1.088 1
 1.378 1.387 1.426 1.431 2.646 3.264 3.277 5 5 5 5 0.836 0.825 0.833 2.519 5 0.544 0.429 0.421 0.43 0.449 0.477 1.41 1.388 3
 0.911 2.399 2.639 2.625 5 3.284 3.27 3.265 2.816 2.804 2.818 3.874 3.874 5 0.776 0.77 3.324 0.851 0.752 0.73 0.853 0.846 0.859 5 3
 2.077 2.132 2.968 1.973 1.961 1.971 1.988 1.71 2.029 1.658 1.641 1.641 1.659 2.265 2.275 1.588 1.452 1.457 2.786 5 0.73 2.079 2.06 2.069 4
 1.295 1.305 4.774 4.152 5 5 2.876 2.441 1.711 1.722 0.844 0.8159999999999999 0.8090000000000001 0.8149999999999999 0.856 1.043 0.6840000000000001 0.523 0.517 0.536 0.656 5 5 1.305 3
 0.462 1.438 1.424 1.424 1.445 1.488 2.711 2.697 3.319 3.318 5 5 5 0.852 0.828 0.8179999999999999 1.013 1.014 5 0.441 0.397 0.397 0.417 0.463 3
 0.712 0.745 1.466 2.752 2.897 5 5 1.617 1.599 1.566 1.556 1.562 1.809 1.824 0.791 0.758 0.748 0.755 1.15 1.077 0.712 0.696 0.6860000000000001 0.6929999999999999 3
 1.424 1.472 1.475 2.629 2.648 3.247 5 5 5 5 0.846 0.831 0.858 1.054 0.527 0.5679999999999999 0.467 0.466 0.476 0.507 0.827 1.437 1.412 1.415 3
 1.531 1.552 1.583 5 5 4.474 1.709 1.697 1.708 2.195 1.754 5 1.275 1.264 1.275 1.295 1.32 0.604 0.591 0.583 0.591 4.478 0.999 1.527 1
 0.897 5 2.068 2.732 2.654 2.661 5 3.285 3.275 2.812 2.799 2.812 1.798 5 0.949 0.764 0.757 0.763 0.366 0.855 0.846 0.758 0.866 0.878 2
 1.18 1.208 5 2.669 2.767 2.767 5 3.072 3.058 3.06 3.175 2.483 2.495 1.476 3.626 0.698 0.647 0.642 0.652 0.533 0.486 1.066 1.007 1.108 1
 0.784 2.162 2.174 5 5 2.15 3.267 3.023 4.175 3.336 4.057 1.458 5 4.273 1.034 0.983 0.834 0.784 0.661 0.645 0.653 0.781 0.74 1.624 1
 2.603 2.451 2.429 1.33 1.299 1.287 1.282 1.294 1.586 1.194 0.853 0.824 0.827 5 0.96 0.948 0.856 0.884 0.838 5 3.696 3.649 2.528 2.503 3
 2.134 2.371 2.371 5 5 3.251 3.243 2.915 2.919 2.934 3.97 3.98 5 1.041 1.59 0.959 0.889 0.783 0.785 0.772 0.788 0.805 1.091 1.548 1
 2.146 2.137 2.149 5 5 2.291 3.24 3.001 3.017 3.331 4.054 1.469 5 4.276 5 1.052 1.013 0.709 0.6889999999999999 0.68 0.708 5 1.133 1.701 1
 2.587 2.577 5 5 5 3.715 2.26 2.631 3.309 2.661 5 0.865 0.843 0.827 0.854 0.88 0.516 0.9370000000000001 0.916 1.145 1.376 5 5 2.449 3
 1.441 2.639 2.624 3.235 3.236 5 5 0.896 0.874 0.846 0.835 0.846 1.06 1.062 0.573 0.481 0.472 0.478 0.497 0.523 1.442 1.426 1.415 1.438 3
 1.447 1.447 1.487 1.921 1.892 1.903 5 1.946 2.656 2.308 2.296 2.306 2.615 5 1.793 5 0.422 0.426 0.432 0.46 1.412 1.406 1.387 1.398 2
 1.476 1.47 1.48 1.509 1.99 5 5 3.21 5 3.822 5 5 1.496 1.488 1.504 0.777 0.744 0.503 0.483 0.476 0.484 5 1.524 1.202 2
 0.607 0.632 1.506 1.474 1.468 1.474 1.508 1.517 2.553 2.565 3.126 5 5 5 5 0.789 0.778 0.788 0.8070000000000001 1.079 0.605 0.585 0.578 0.585 1
 0.9419999999999999 5 1.512 1.527 1.54 3.161 5 4.04 5 5 2.045 2.02 1.593 1.296 2.058 0.631 0.618 0.626 0.712 0.848 1.182 0.914 0.891 0.896 1
 1.32 1.353 2.481 2.499 3.127 5 5 0.976 5 0.93 0.915 0.921 5 5 0.712 0.5669999999999999 0.555 0.5620000000000001 0.584 0.608 1.318 1.303 1.293 1.305 3
 2.577 2.564 2.449 1.33 1.588 1.284 1.273 1.282 1.568 1.565 1.59 0.804 0.796 0.805 5 0.91 0.954 0.851 0.843 0.857 4.43 3.672 2.661 2.643 3
 1.075 1.492 5 2.594 2.741 2.742 2.765 2.173 3.153 2.63 2.611 2.617 2.403 5 5 0.769 0.675 0.675 0.6879999999999999 0.728 0.419 0.975 0.984 1.008 1
 2.144 2.338 2.327 2.342 5 3.869 3.884 4.184 2.394 3.074 1.973 3.869 1.437 5 1.07 0.653 1.048 0.904 1.058 0.904 0.89 0.904 5 5 4
 1.688 1.726 1.737 1.768 2.013 2.001 2.007 2.032 2.1 2.096 2.021 2.002 2.006 2.024 2.122 1.7 5 1.399 5 1.82 0.475 0.714 1.692 1.68 4
 1.792 5 5 4.248 5 5 1.871 3.181 1.781 1.79 1.733 1.725 1.734 1.852 0.767 0.521 0.482 0.474 0.48 0.502 0.532 1.073 1.081 1.747 3
 0.778 4.868 3.652 2.169 2.693 2.713 2.642 1.414 1.933 1.369 1.35 1.355 1.376 1.591 5 0.741 0.724 0.729 0.761 0.839 0.789 0.863 0.76 0.764 1
 0.636 5 5 1.337 1.329 1.339 4.83 4.21 5 5 2.481 1.733 1.717 1.732 5 0.795 0.785 0.796 0.8169999999999999 0.848 0.514 0.504 0.496 0.517 1
 1.581 1.611 1.634 1.899 1.853 1.846 1.862 2.236 2.488 2.493 2.154 2.132 2.147 2.718 5 1.806 5 5 5 0.602 0.827 1.6 1.575 1.575 1
 1.31 4.748 4.161 5 2.848 2.837 2.413 1.69 0.895 4.958 0.839 0.827 0.846 0.856 0.88 0.618 0.576 0.57 0.585 0.71 0.643 5 1.3 1.289 3
 0.861 0.887 1.46 1.472 1.464 5 5 4.059 5 5 2.095 2.08 1.363 1.36 4.796 0.653 0.641 0.647 0.672 0.695 0.865 0.85 0.832 0.859 1
 1.416 1.444 1.463 2.591 2.606 3.212 5 5 5 5 0.858 0.853 0.863 1.083 1.099 0.603 0.508 0.503 0.513 1.589 0.85 1.438 1.408 1.407 3
 2.315 2.048 2.031 2.03 2.054 2.081 2.102 1.641 1.459 1.45 1.466 1.486 2.086 1.522 1.395 1.389 1.411 1.426 2.296 0.988 2.248 2.251 2.288 2.111 4
 0.746 1.486 1.532 4.035 5 2.838 5 2.893 2.883 2.888 2.227 2.215 2.229 1.214 3.454 0.613 0.587 0.582 0.592 0.638 0.665 0.6899999999999999 0.702 0.724 1
 0.714 0.743 1.498 2.796 3.27 5 5 1.58 5 1.544 1.527 1.538 5 5 5 0.721 0.714 0.72 1.101 1.047 0.712 0.696 0.6850000000000001 0.695 1
 0.517 1.387 1.37 1.37 1.422 5 3.246 2.613 3.246 3.252 5 5 5 5 0.838 0.834 0.887 1.027 5 0.48 0.453 0.453 0.467 0.5659999999999999 3
 1.386 1.456 1.434 2.567 2.586 3.194 5 5 5 5 0.877 0.864 0.879 1.094 5 0.617 0.506 0.502 0.515 0.637 0.848 1.416 1.378 1.374 3
 0.4 0.479 1.454 1.425 1.421 1.436 1.481 1.483 2.714 2.732 3.335 5 5 5 5 0.8129999999999999 0.796 5 0.923 0.425 0.389 0.384 0.368 0.38 2
 1.779 1.154 1.833 3.245 5 5 5 2.019 2.614 2.591 1.751 1.734 1.734 1.749 1.874 0.542 0.5 0.483 0.484 0.528 0.521 0.575 1.073 1.086 2
 0.485 0.513 1.511 1.479 1.469 1.476 1.51 1.52 2.66 2.672 3.25 5 5 5 5 0.749 0.733 0.746 5 5 0.49 0.463 0.455 0.461 1
 2.016 2.228 2.351 5 3.267 3.238 3.236 2.96 3.278 3.26 4.013 1.375 5 1.194 1.031 1.011 0.838 0.837 0.742 0.727 0.736 5 2.283 1.755 1
 0.521 1.553 0.588 1.496 1.487 1.495 1.7 1.535 2.633 2.649 3.205 5 5 5 5 0.733 0.721 0.729 5 5 0.528 0.507 0.496 0.502 1
 1.283 1.307 5 5 4.366 2.814 5 1.858 1.87 5 5 1.489 1.477 1.473 1.492 1.518 0.483 0.457 0.443 0.443 0.456 5 1.583 1.274 2
 1.248 1.286 1.803 1.813 3.183 3.182 5 4.6 5 5 1.745 1.695 1.618 0.977 5 4.6 0.526 0.521 0.538 0.572 1.014 1.424 1.241 1.236 1
 1.261 1.292 1.311 5 5 2.39 2.426 1.701 5 1.02 0.889 0.859 0.872 0.898 1.107 5 0.5659999999999999 0.5629999999999999 0.579 0.736 5 5 1.268 1.25 3
 1.35 1.358 1.565 5 1.443 1.462 3.22 3.217 5 5 5 0.87 0.858 0.862 5 1.052 0.615 0.499 0.49 0.496 0.524 0.537 1.392 1.362 3
 1.11 1.143 1.829 3.252 4.25 5 5 2.613 2.595 2.593 1.753 1.729 1.724 1.74 1.782 0.532 0.493 0.469 0.469 0.488 0.505 1.078 1.067 1.082 2
 1.114 5 1.833 3.248 5 5 5 2.016 2.617 2.628 1.748 1.733 1.733 1.749 1.877 0.542 0.5 0.483 0.483 0.531 0.521 1.078 1.073 1.089 2
 1.184 1.212 5 2.678 2.774 2.774 5 2.072 3.07 3.071 3.19 2.493 2.505 1.479 3.643 0.702 0.651 0.646 0.659 0.536 0.489 1.07 1.01 1.112 1
 0.829 0.857 1.464 5 5 1.506 5 4.109 5 5 5 2.107 1.38 1.352 1.372 0.6909999999999999 0.627 0.623 0.636 0.8100000000000001 0.861 1.133 0.873 0.8169999999999999 1
 1.312 2.451 2.462 2.645 2.658 5 3.261 3.238 2.775 2.761 2.78 1.763 3.842 0.925 0.768 0.757 0.765 0.411 0.886 0.791 0.783 0.898 0.91 4.321 3
 2.141 5 2.052 2.036 2.047 2.073 2.088 1.635 1.62 1.61 1.62 1.635 2.193 1.583 1.413 1.374 1.384 1.416 2.168 0.805 1.557 2.087 2.097 2.123 1
 1.614 1.653 1.915 1.698 1.872 1.883 5 1.991 2.359 2.114 2.098 2.103 2.129 2.655 1.892 5 5 5 0.482 0.65 1.614 1.598 1.586 1.592 2
 0.842 0.866 1.64 1.614 1.606 1.614 5 1.649 2.424 2.996 2.885 2.897 5 5 5 0.675 0.625 0.623 0.732 5 0.843 0.825 0.8139999999999999 0.832 1
 0.926 5 4.015 2.792 2.777 2.571 1.768 1.071 1.762 1.021 1.005 1.044 1.269 1.266 0.894 0.652 0.64 0.649 1.593 1.616 1.058 5 5 1.085 3
 1.214 1.248 1.267 5 2.905 2.826 2.439 1.724 4.956 4.94 0.9429999999999999 0.907 0.92 1.145 1.162 3.426 0.575 0.575 0.592 5 1.1 5 1.237 1.202 1
 0.792 5 1.569 5 2.859 2.839 5 2.877 2.859 2.866 2.186 2.178 1.97 2.21 3.425 5 0.583 0.571 0.589 0.61 0.656 0.72 0.728 0.755 1
 2.661 2.644 2.279 1.867 1.848 1.494 1.296 1.287 1.298 1.568 1.168 0.821 0.806 0.781 0.793 0.821 0.885 0.861 0.838 0.828 0.837 4.435 3.668 3.73 3
 1.885 2.575 2.359 5 5 3.97 3.252 2.938 2.925 3.218 2.055 3.977 1.418 1.054 1.595 0.954 0.9370000000000001 0.775 0.779 0.758 0.769 0.781 1.005 5 1
 1.215 5 5 4.134 5 2.877 2.86 2.72 1.768 1.746 4.955 0.909 0.896 0.9 1.014 1.125 0.746 0.5610000000000001 0.549 0.5679999999999999 0.636 1.282 1.086 5 3
 0.589 5 5 1.337 1.329 1.34 4.827 4.21 5 5 2.48 1.732 1.716 5 5 0.794 0.785 0.793 0.8169999999999999 0.848 0.515 0.505 0.496 0.518 1
 2.058 5 3.145 4.167 2.911 1.952 5 1.92 1.895 1.877 1.862 1.87 1.638 0.878 2.048 0.499 0.486 0.495 0.513 0.535 0.946 0.951 0.97 1.648 3
 0.801 0.825 1.544 2.111 2.937 5 5 1.557 5 1.491 1.48 1.491 1.736 1.769 1.763 0.737 0.726 0.732 0.755 0.777 0.801 0.784 0.774 0.782 1
 0.854 0.91 3.728 2.732 2.716 2.712 2.623 1.898 1.888 1.302 1.28 1.28 1.296 1.521 1.534 0.739 0.718 0.719 0.745 0.898 0.883 0.895 0.846 0.845 1
 1.426 1.461 1.651 2.624 3.257 3.258 5 5 5 5 0.821 0.822 5 5 5 0.469 0.452 0.462 0.488 0.495 1.417 1.403 1.388 1.402 3
 1.357 1.66 2.514 3.13 3.16 3.269 5 5 5 0.893 0.878 0.886 5 5 0.674 0.552 0.541 0.547 0.57 0.593 1.355 1.34 1.329 1.363 3
 0.703 0.752 2.034 2.747 5 5 5 1.599 1.572 1.56 1.604 2.603 5 5 0.758 0.747 0.759 0.779 1.055 0.862 0.661 0.654 0.66 0.6850000000000001 3
 1.063 1.11 2.038 1.725 1.704 1.707 1.729 1.744 2.293 2.847 2.669 2.668 5 5 5 0.627 0.582 0.578 0.595 0.632 1.082 1.279 1.044 1.048 1
 2.41 2.392 2.405 1.968 1.768 1.61 1.396 1.375 1.39 1.411 1.411 1.143 1.033 1.02 1.038 1.014 1 1.013 0.755 2.306 2.317 4.709 2.368 5 1
 0.62 1.577 1.585 1.614 2.039 2.042 1.806 3.176 5 4.424 5 5 1.412 1.347 1.388 1.407 1.011 0.5659999999999999 0.529 0.513 0.521 5 0.5679999999999999 0.597 1
 1.687 2.41 2.638 1.747 5 4.57 4.576 1.712 1.687 1.697 1.736 1.782 5 5 1.084 1.095 1.123 1.348 1.349 0.592 0.587 0.6 0.627 0.653 1
 1.313 1.3 1.315 4.785 4.201 5 5 2.876 2.45 1.732 1.563 0.859 0.84 0.82 0.828 1.076 1.055 0.703 0.544 0.528 0.545 0.634 5 5 3
 2.054 3.048 2.009 1.989 1.993 2.017 2.141 1.853 1.557 1.544 1.536 1.545 1.581 2.169 1.47 1.437 1.427 1.444 1.473 5 1.273 2.168 2.168 2.274 4
 0.79 1.882 5 5 5 2.145 5 3.397 3.383 4.395 5 2.171 2.182 2.207 5 0.618 0.595 0.585 0.6 0.625 0.668 0.725 0.737 1.361 1
 1.907 2.461 2.389 5 5 3.284 3.269 2.937 2.933 3.158 2.047 4.003 5 1.015 1.552 0.911 0.828 0.735 0.747 0.732 0.749 0.761 5 5 1
 2.46 2.599 2.506 1.79 1.767 1.784 1.244 1.222 1.237 1.508 1.156 0.909 0.825 0.8169999999999999 0.836 0.862 0.952 0.999 0.9 0.891 4.425 5 3.677 5 3
 1.365 1.384 1.569 1.42 1.953 1.776 3.24 5 5 3.92 5 1.571 1.559 1.535 1.125 0.833 0.583 0.472 0.464 0.472 0.488 1.43 0.57 1.377 2
 2.222 2.416 5 1.995 2.373 3.21 2.88 2.86 3.091 3.087 3.935 1.005 0.989 0.979 0.541 0.9409999999999999 0.922 0.786 0.833 0.82 0.832 5 5 1.919 3
 1.296 2.999 4.785 4.157 4.758 5 2.879 2.443 1.716 1.707 1 0.8159999999999999 0.8080000000000001 0.8159999999999999 0.851 1.041 0.6820000000000001 0.522 0.512 0.532 0.655 4.758 5 1.307 3
 1.966 2.222 2.231 5 5 3.271 3.264 2.998 3.344 3.282 4.032 1.394 5 5 0.998 0.977 0.8 0.8100000000000001 0.697 0.674 0.716 5 1.015 1.973 1
 0.551 1.38 1.381 1.396 2.635 2.617 2.616 2.642 3.251 3.267 5 1.193 0.886 0.865 0.867 0.891 1.074 0.512 0.473 0.449 0.454 0.473 0.508 0.533 3
 1.105 2.177 2.071 1.734 1.715 1.719 1.734 2.839 2.27 2.823 2.635 2.631 5 5 5 5 0.569 0.5679999999999999 0.585 0.619 1.301 1.101 1.08 1.085 1
 0.863 0.892 1.607 2.158 2.88 5 5 5 5 1.424 1.415 1.42 1.658 1.663 1.69 0.7 0.6870000000000001 0.696 0.711 0.739 0.863 0.849 0.837 0.879 1
 0.795 3.739 3.677 5 2.7 2.7 2.751 2.532 1.92 1.371 1.339 1.335 1.354 1.578 1.591 0.758 0.735 0.733 0.747 5 0.8129999999999999 0.827 0.788 0.787 1
 0.858 5 2.417 2.417 2.642 5 5 2.177 3.292 2.834 2.824 2.992 1.819 3.888 5 0.758 0.746 0.756 0.34 0.8169999999999999 0.788 0.711 0.825 0.875 2
 0.964 0.989 1.956 1.679 1.674 1.692 5 1.732 2.919 2.776 2.761 2.774 5 5 5 0.602 0.591 0.598 0.622 5 0.952 0.9370000000000001 0.929 0.9399999999999999 1
 1.36 1.385 1.414 2.545 3.172 3.183 3.193 5 5 1.177 0.861 0.851 0.863 2.692 5 0.548 0.521 0.515 0.522 1.599 0.578 1.472 1.372 1.353 3
 0.786 2.164 2.176 5 5 2.153 3.267 3.025 5 3.337 4.059 1.455 5 4.269 1.032 0.983 0.829 0.784 0.662 0.646 0.654 0.789 0.744 1.905 1
 0.444 0.483 1.53 1.466 1.443 1.455 1.475 1.5 2.692 2.706 3.301 5 5 5 5 0.822 0.795 0.8169999999999999 1 0.47 0.434 0.423 0.413 0.422 2
 0.43 0.449 1.568 1.458 1.452 1.459 1.481 1.504 2.717 3.33 3.323 5 3.936 5 5 0.806 0.783 0.8100000000000001 0.979 1.041 0.419 0.395 0.388 0.395 1
 0.676 1.696 1.7 1.719 1.754 1.787 5 3.12 5 3.632 5 5 5 1.27 1.399 0.968 0.95 0.634 0.593 0.574 0.588 0.677 5 0.655 1
 1.22 2.112 5 5 4.32 4.323 5 1.851 2.505 1.669 1.643 1.582 1.573 1.577 1.371 1.894 0.664 0.475 0.466 0.48 0.492 0.515 1.205 1.206 2
 0.6889999999999999 0.6899999999999999 0.723 5.016 3.834 2.957 2.942 5 2.89 2.156 5.019 1.44 1.428 1.429 1.545 1.562 0.63 0.493 0.487 0.486 0.504 0.625 0.617 0.64 2
 0.492 1.395 1.39 1.402 1.594 1.46 2.676 2.687 3.314 5 5 5 5 5 0.819 2.51 0.97 0.439 0.416 0.407 0.392 0.405 0.467 0.764 3
 0.847 0.874 0.916 2.843 2.959 5 5 5 5 1.445 1.433 1.454 1.687 1.691 1.714 0.719 0.707 0.714 0.735 0.758 0.847 0.831 0.82 0.831 1
 0.495 1.39 1.391 1.409 2.689 1.473 2.673 2.699 3.309 3.331 5 5 0.992 0.824 1.983 5 5 0.459 5 0.396 0.4 0.422 0.449 0.481 3
 2.181 2.396 2.503 5 3.946 3.232 3.234 2.88 3.489 3.114 3.944 1.021 1.004 0.993 0.548 0.9350000000000001 0.9 0.776 0.8080000000000001 0.783 0.8090000000000001 4.229 5 1.726 3
 1.089 1.126 1.798 3.207 5 5 5 1.971 2.597 2.594 1.769 1.754 1.754 1.77 1.891 0.549 0.51 0.489 0.489 0.512 0.526 1.061 1.046 1.061 2
 1.395 2.617 1.463 1.482 3.242 5 2.952 0.909 5 0.867 0.848 0.861 5 5 0.593 0.477 0.464 0.473 0.505 0.514 1.388 1.375 1.36 1.393 3
 1.939 2.169 2.263 5 5 2.298 3.011 2.991 4.165 3.319 4.037 1.436 5 5 1.056 1.031 0.857 0.83 0.704 0.6899999999999999 0.699 0.853 1.157 1.734 1
 1.569 1.827 1.837 1.863 2.832 1.893 3.256 3.116 4.336 3.566 5 1.798 1.609 1.101 1.25 1.18 0.82 0.619 0.596 0.589 0.596 0.758 0.947 1.559 1
 1.141 1.317 2.637 2.637 2.752 2.791 5 3.118 3.106 2.565 2.551 2.565 2.573 5 4.373 0.6909999999999999 0.669 0.67 0.6919999999999999 0.471 0.458 1.028 1.041 1.062 2
 1.272 2.18 5 5 4.337 5 5 1.836 2.477 1.588 2.465 1.511 1.499 1.503 1.304 1.563 0.614 0.468 0.459 0.472 0.485 0.508 1.26 1.258 2
 1.08 5 3.225 4.212 5 1.913 1.954 1.839 5 1.793 1.775 1.771 1.54 1.818 3.114 0.489 0.451 0.452 0.469 0.492 1.036 1.01 1.025 1.06 2
 1.272 1.295 1.314 1.833 3.199 3.182 3.194 4.56 5 5 1.729 1.651 1.578 1.635 0.882 0.548 0.505 0.497 0.516 0.53 1.314 1.037 1.272 1.257 3
 0.835 0.859 1.59 1.568 1.561 1.566 5 1.609 2.402 2.983 2.898 5 5 5 5 0.718 0.699 0.714 0.8 0.745 0.834 0.8139999999999999 0.806 0.8159999999999999 1
 1.116 5 5 3.253 5 5 1.864 2.601 1.794 1.797 1.746 1.735 1.745 1.528 0.783 0.541 0.495 0.488 0.495 0.517 1.084 1.069 1.083 1.744 3
 1.497 5 5 5 4.002 2.143 5 5.08 3.426 4.393 5 2.23 2.241 2.415 3.426 5 0.643 0.599 0.608 0.64 0.677 0.68 0.6909999999999999 0.712 1
 2.067 2.058 2.071 1.893 5 2.198 4.104 2.992 3.015 5 5 1.533 5 5 1.139 1.124 0.838 0.737 0.717 0.707 0.719 5 5 1.824 1
 1.393 1.408 5 1.466 1.952 3.214 3.212 4.521 3.875 5 5 1.547 1.543 1.515 0.828 0.829 0.555 0.488 0.486 0.498 0.715 1.143 1.438 1.398 3
 2.622 2.175 2.152 1.845 1.652 1.303 1.294 1.305 1.467 1.577 5 0.805 0.793 0.804 0.822 5 0.921 0.9409999999999999 0.822 0.828 4.404 3.694 3.646 2.637 3
 2.139 2.595 2.585 2.632 5 3.734 3.734 2.659 2.651 2.657 2.904 3.733 5 0.832 0.8169999999999999 0.826 0.846 0.897 0.968 0.897 0.996 1.046 5 1.484 3
 1.339 4.142 5 5 2.794 2.359 2.354 0.859 0.836 0.8100000000000001 0.795 0.8139999999999999 0.866 1.085 1.113 0.613 0.596 0.622 0.639 5 1.207 5 1.309 1.277 3
 0.852 0.881 5 5 2.9 2.849 5 2.14 2.79 5 2.085 2.079 1.868 1.09 2.241 5 0.55 0.549 0.5629999999999999 0.593 0.794 0.782 0.794 0.822 1
 0.716 1.468 2.748 3.233 5 5 5 1.578 1.564 1.551 1.561 1.584 5 5 0.769 0.751 0.776 0.783 1.115 1.13 0.67 0.66 0.668 0.7 3
 0.655 2.189 1.53 5 3.502 1.791 1.77 1.751 1.812 1.783 2.255 1.336 1.303 1.298 1.307 1.33 1.346 0.571 0.543 0.534 0.54 4.476 0.595 1.489 1
 1.391 1.423 1.436 2.543 3.178 3.177 5 5 5 5 0.853 0.853 0.874 5 5 0.543 0.526 0.531 0.553 0.57 1.394 1.372 1.357 1.368 3
 1.355 1.362 1.577 1.935 1.934 5 1.898 3.251 3.912 3.909 5 1.618 1.574 1.613 1.186 0.828 0.617 0.468 0.458 0.462 0.487 0.505 0.553 1.504 2
 0.78 2.042 2.754 2.894 5 5 5 5 1.541 1.529 1.54 1.565 1.609 5 0.771 0.763 0.771 1.151 1.158 1.167 0.727 0.722 0.735 0.763 3
 2.075 2.972 2.987 2.048 2.038 2.052 2.294 1.718 1.703 1.675 1.663 1.676 1.691 2.224 5 1.381 1.366 1.378 2.738 2.097 0.658 2.04 2.029 2.047 4
 1.787 5 5 4.253 5 2.94 1.902 2.604 1.783 2.596 1.737 1.725 1.734 1.852 0.779 0.521 0.481 0.473 0.481 0.502 0.525 1.073 1.074 1.747 3
 1.351 1.374 1.418 1.945 3.255 3.208 5 3.889 5 5 1.628 1.621 1.493 1.207 0.861 0.514 0.488 0.482 0.489 0.609 0.879 1.107 1.348 1.341 3
 0.432 1.457 1.426 1.407 1.417 1.437 1.467 2.695 2.715 3.329 5 5 5 5 0.803 0.783 0.823 0.9409999999999999 5 0.405 0.382 0.376 0.384 1.564 3
 2.431 2.442 2.038 1.767 1.745 1.343 1.333 1.342 1.503 1.726 1.748 0.997 0.985 0.99 5 5 1.015 1.032 0.792 2.36 2.384 3.482 5 2.452 1
 1.298 1.5 2.457 2.461 3.167 5 5 5 5 5 1.028 1.626 5 5 5 0.54 0.528 0.537 0.5620000000000001 0.577 1.212 1.196 1.181 1.214 1
 2.281 2.274 5 5 3.981 3.229 3.232 2.927 2.943 3.202 3.979 1.312 5 1.131 0.667 0.989 0.819 0.847 0.759 0.747 0.759 5 2.332 1.81 3
 1.933 2.893 1.984 2.019 2.008 2.004 2.033 1.979 2.09 1.941 1.775 1.764 1.776 1.799 2.334 1.59 1.435 1.397 1.412 1.433 0.598 1.947 1.925 1.924 4
 1.369 1.376 1.414 1.943 1.939 1.838 1.783 3.242 3.902 3.898 5 1.603 1.558 1.601 1.208 0.821 0.504 0.474 0.461 0.462 0.492 1.457 1.006 1.385 2
 1.283 1.311 1.835 1.845 1.868 3.192 5 3.95 5 1.721 1.679 1.66 1.576 0.9419999999999999 0.746 0.62 0.547 0.512 0.524 0.698 1.048 1.453 1.28 1.271 3
 0.8120000000000001 3.682 3.698 2.701 2.686 2.698 2.538 1.912 1.367 1.343 1.332 1.38 1.581 1.168 0.885 0.749 0.739 0.749 0.775 0.863 0.8120000000000001 0.795 0.783 0.795 3
 1.008 5 5 2.577 2.733 2.743 5 3.178 3.165 2.648 2.631 2.63 2.654 5 4.434 0.72 0.6820000000000001 0.6820000000000001 0.699 0.723 0.766 0.957 0.967 1.04 1
 2.644 2.574 2.465 1.846 1.844 1.295 1.281 1.286 1.454 1.561 1.575 0.794 0.782 0.798 5 0.917 0.927 0.9370000000000001 0.844 0.846 4.437 3.728 3.725 2.656 3
 0.753 0.782 2.057 2.77 2.912 2.935 5 1.591 5 1.541 1.531 1.54 1.569 1.804 1.827 0.757 0.75 0.758 0.779 0.784 0.75 0.729 0.723 0.73 1
 0.479 0.521 0.52 3.663 2.954 2.938 2.941 2.957 1.712 2.314 1.66 1.643 1.638 1.66 1.758 0.6879999999999999 0.534 0.475 0.475 0.489 0.461 0.456 0.465 0.474 2
 0.864 1.986 2.966 4.081 5 2.833 5 2.788 2.772 2.779 5 2.07 2.081 2.099 3.351 0.594 0.572 0.5659999999999999 0.575 0.602 0.8110000000000001 0.802 0.8129999999999999 0.836 1
 1.309 1.297 1.38 4.784 4.98 5 5 2.875 2.45 1.721 1.563 0.857 0.835 0.82 0.884 0.908 1.056 0.704 0.544 0.529 0.546 0.641 5 5 3
 2.054 2.053 2.032 2 1.99 1.999 2.247 1.704 1.686 1.662 1.65 1.669 1.985 2.238 5 1.415 1.403 1.412 2.752 2.097 0.753 2.038 2.028 2.078 4
 0.907 0.9330000000000001 1.709 1.673 1.666 1.674 1.708 2.99 2.406 2.843 2.828 2.867 5 5 5 0.623 0.607 0.604 0.631 1.165 0.904 0.891 0.879 0.892 1
 1.227 5 5 5 4.305 5 2.271 1.854 5 5 1.602 1.585 1.575 1.582 1.61 1.915 2.991 0.484 0.477 0.485 0.717 1.214 1.196 1.244 2
 0.491 1.579 1.515 1.426 1.417 1.424 1.472 1.469 2.632 3.243 3.244 5 5 5 5 0.837 0.827 0.835 0.858 1.061 0.495 0.467 0.46 0.468 1
 1.121 1.154 1.837 3.25 4.257 5 5 2.604 2.592 2.589 1.745 1.727 1.726 1.742 1.863 1.796 0.503 0.482 0.482 0.505 0.519 1.086 1.075 1.09 2
 0.866 5 2.987 5 2.888 2.853 5 2.833 2.778 2.805 2.065 2.06 1.849 1.075 3.336 5 0.546 0.545 0.5580000000000001 5 0.8159999999999999 0.796 0.8080000000000001 0.84 1
 1.108 1.144 1.832 3.256 4.247 5 5 2.062 2.594 2.592 1.753 1.725 1.724 1.739 1.857 1.874 0.49 0.469 0.469 0.492 0.506 1.561 1.067 1.083 2
 0.791 1.501 1.401 1.413 1.438 5 5 4.085 5 5 2.166 2.148 1.426 1.426 0.881 0.677 0.666 0.675 0.825 0.72 0.797 0.783 0.768 0.776 3
 2.64 2.634 2.447 1.865 1.85 1.862 1.32 1.296 1.311 1.57 1.174 0.888 0.8110000000000001 0.784 5 0.919 0.849 0.838 0.823 0.8129999999999999 0.827 4.839 3.644 5 3
 1.415 1.423 1.39 1.402 1.426 1.451 2.678 2.689 3.313 5 5 5 5 0.822 0.8129999999999999 0.838 0.982 0.441 0.42 0.399 0.39 0.399 0.432 0.456 3
 1.364 5 1.898 1.913 2.43 4.344 5 3.968 5 5 1.585 1.649 1.508 0.861 5 0.515 0.491 0.491 0.513 0.532 1.085 1.366 1.349 1.35 3
 1.959 2.786 5 5 1.624 1.585 1.564 1.552 1.577 1.581 1.865 0.91 0.89 0.878 0.886 0.908 1.199 0.754 0.733 0.722 0.727 5 5 1.41 3
 1.374 1.389 1.415 1.903 1.732 3.194 3.207 4.53 5 5 1.624 1.569 1.502 1.556 0.863 0.549 0.507 0.499 0.508 0.529 0.555 1.108 1.374 1.35 3
 1.399 1.419 1.942 1.936 1.772 3.206 3.21 3.234 5 5 1.588 1.536 1.531 1.512 0.828 0.671 0.506 0.49 0.491 0.5570000000000001 0.529 0.582 1.418 1.395 3
 1.404 1.413 1.452 1.454 2.65 3.27 3.265 5 5 5 5 0.852 0.845 0.854 0.886 1.055 0.541 0.445 0.437 0.446 0.465 0.493 1.434 1.414 3
 0.608 5 5 1.318 1.333 4.779 4.783 5 2.963 2.442 1.711 1.587 1.711 5 0.8169999999999999 0.788 0.799 0.821 1.031 0.703 0.529 0.526 0.544 0.741 3
 0.706 0.727 0.769 1.524 1.517 1.526 1.56 1.563 2.486 2.503 3.017 5 5 5 5 0.734 0.722 0.731 0.759 0.776 0.702 0.6850000000000001 0.675 0.6830000000000001 1
 0.529 0.524 1.527 1.496 1.486 1.494 1.518 1.539 2.664 3.265 3.242 5 5 5 5 0.773 0.762 0.77 0.793 1.002 0.54 0.474 0.467 0.474 1
 0.9429999999999999 5 1.662 2.203 2.888 3.028 5 5 5 1.357 1.338 1.342 1.432 1.586 1.607 0.681 0.664 0.677 0.6889999999999999 0.712 0.9379999999999999 0.92 0.904 0.913 1
 1.316 3.873 3.907 2.749 2.738 2.326 2.449 1.177 5 1.128 1.116 1.137 1.377 1.379 5 0.695 0.6830000000000001 0.6919999999999999 5 5 1.01 5 5 0.966 1
 2.078 5 2.066 2.03 2.04 2.059 2.085 1.649 1.633 1.622 1.672 1.648 2.206 5 1.393 1.38 1.392 2.74 2.173 0.795 1.541 2.075 2.082 2.104 1
 1.432 1.456 1.958 1.949 1.764 3.187 3.189 3.213 5 5 5 1.49 1.504 1.478 0.8090000000000001 0.698 0.516 0.499 0.501 0.553 0.542 0.593 1.452 1.435 3
 1.324 2.399 2.539 5 4.364 5 2.258 1.817 5 1.556 1.493 1.473 1.461 1.469 1.283 1.621 0.622 0.494 0.486 0.494 0.512 0.788 1.345 1.309 2
 1.876 2.341 2.268 2.277 5 1.908 5 4.16 2.835 2.853 2.05 3.903 1.293 5 1.137 0.702 1.065 0.9 1.013 0.868 0.842 0.857 5 0.9370000000000001 1
 0.919 0.946 1.702 1.675 1.668 1.677 5 2.976 2.398 2.834 2.817 5 5 5 5 0.617 0.604 0.606 0.638 1.172 0.919 0.902 0.891 0.9 1
 2.04 2.727 2.887 5 5 5 1.556 1.505 1.502 1.516 1.785 0.831 0.805 0.788 0.792 0.8110000000000001 0.824 0.8110000000000001 0.774 0.758 0.766 0.795 0.847 0.841 3
 0.859 5 2.417 2.418 2.649 5 5 2.18 3.291 2.833 2.819 2.985 1.818 3.884 5 0.758 0.746 0.756 0.341 0.8169999999999999 0.805 0.715 0.827 0.866 2
 1.041 1.057 3.878 2.799 2.761 2.609 2.467 1.798 5 1.148 1.119 1.115 1.128 1.361 0.971 0.723 0.671 0.673 0.694 5 0.987 0.997 1.012 1.008 1
 1.061 1.108 1.976 2.629 2.754 2.754 5 2.126 3.118 3.121 5 2.569 2.581 5 4.371 0.743 0.667 0.663 0.675 0.712 0.439 1.011 0.952 1.108 1
 0.847 2.771 2.894 5 5 1.569 1.556 1.512 1.516 1.528 1.789 0.8159999999999999 0.794 0.778 0.783 0.802 0.8149999999999999 0.785 0.759 0.743 0.768 0.802 0.834 1.48 3
 1.676 1.731 2.643 1.95 1.939 1.963 5 2.34 2.48 2.057 2.034 2.034 2.052 2.57 1.839 1.617 1.464 5 5 0.5620000000000001 0.78 1.671 1.659 1.667 1
 1.089 2.807 2.023 1.672 1.662 1.671 1.689 1.712 2.802 2.652 2.641 2.683 3.007 5 5 0.626 0.614 0.622 0.645 0.67 1.088 1.072 1.062 1.074 1
 2.112 2.215 2.064 2.054 2.07 1.883 1.897 1.588 1.58 1.564 1.573 1.595 2.144 5 1.429 1.346 1.355 1.385 5 0.73 1.573 2.118 2.129 2.143 1
 0.794 2.735 2.868 5 5 5 1.578 1.544 1.531 1.558 1.56 1.816 0.8100000000000001 0.787 0.777 0.784 0.805 1.116 0.745 0.719 0.712 0.719 0.741 0.766 3
 2.595 2.574 2.462 1.843 1.847 1.289 1.28 1.291 1.448 1.559 3.563 0.792 0.78 0.803 5 0.914 0.928 0.944 0.842 0.852 4.438 3.681 3.699 2.659 3
 1.007 1.698 1.67 1.647 1.637 1.646 5 1.693 2.305 2.727 2.709 2.759 5 5 5 0.638 0.626 0.634 0.653 1.257 1.009 0.99 0.979 0.995 1
 1.425 1.447 1.472 2.603 2.62 3.22 5 5 5 5 0.843 0.835 0.846 0.872 0.901 0.525 0.502 0.496 0.503 3.284 0.5639999999999999 1.525 1.426 1.417 3
 3.633 5 2.658 2.653 2.206 2.195 1.383 1.615 1.343 1.33 1.346 1.592 1.411 0.906 0.769 0.765 0.781 0.82 0.868 0.894 0.79 0.782 0.79 4.851 3
 1.094 5 1.671 1.682 1.613 3.136 5 3.974 5 5 1.885 1.831 1.779 1.108 5 0.575 0.555 0.5639999999999999 0.632 0.602 1.138 1.302 1.077 1.08 1
 2.105 2.633 2.62 2.632 3.26 3.236 3.233 3.245 2.776 2.787 1.795 3.852 0.953 0.84 0.791 0.8 0.411 0.893 0.791 0.907 0.892 0.907 1.188 1.618 3
 0.994 1.436 5 2.561 2.721 2.767 5 3.191 3.181 2.672 2.655 2.656 2.8 3.76 3.771 0.71 0.6899999999999999 0.695 0.71 0.962 0.868 0.9389999999999999 0.952 0.979 1
 2.431 1.823 1.8 1.296 1.289 1.266 1.279 1.57 1.586 0.924 0.828 0.828 0.849 5 0.966 0.976 0.861 0.856 5 3.707 3.656 2.62 2.605 2.6 3
 0.798 0.826 0.865 1.553 1.546 1.554 5 1.592 2.426 2.983 2.935 5 5 5 5 0.731 0.705 0.714 0.736 0.755 0.797 0.78 0.77 0.779 1
 1.591 1.609 1.639 5 5 5 1.685 1.676 1.687 1.718 1.73 5 5 1.206 1.218 1.241 1.622 0.622 0.61 0.601 0.61 5 1.054 1.584 1
 1.367 1.352 1.367 1.394 1.417 2.579 3.199 3.218 5 5 5 1.059 0.866 0.851 0.865 0.883 0.535 0.504 0.486 0.48 0.489 5 0.798 1.455 3
 3.664 2.656 2.632 2.619 2.63 2.427 1.808 1.818 1.269 1.257 1.271 1.298 1.161 0.902 0.8070000000000001 0.799 0.8139999999999999 0.837 0.949 0.89 0.862 0.856 0.873 4.835 3
 0.612 2.245 2.488 1.589 5 4.48 5 1.78 1.781 1.791 2.813 1.283 1.258 1.245 1.249 1.399 1.43 0.556 0.523 0.507 0.514 5 0.611 0.598 1
 1.664 2.072 5 5 4.301 5 5 1.864 2.528 1.703 1.644 1.621 1.613 1.621 1.413 1.757 3.096 0.471 0.462 0.472 0.501 0.6899999999999999 1.163 1.877 2
 0.793 0.82 0.859 2.138 3.326 5 5 5 5 1.461 1.447 1.473 1.69 5 5 0.6909999999999999 0.679 0.6860000000000001 0.708 0.732 0.792 0.776 0.765 0.774 1
 1.42 1.668 1.683 1.707 1.732 1.82 3.252 3.156 4.38 3.675 5 1.964 1.293 1.289 1.28 1.28 0.588 0.5600000000000001 0.542 0.534 0.546 0.68 0.953 1.401 1
 2.273 1.646 1.634 1.332 5 1.114 1.129 1.499 1.502 1.517 0.899 0.894 0.91 5 1.118 5 5 1.04 2.589 2.622 3.688 5 2.524 2.516 3
 2.351 2.348 1.658 1.255 1.239 1.24 1.377 0.957 1.611 0.909 0.894 0.909 5 5 1.033 1.045 0.931 2.47 2.487 3.636 2.569 2.56 2.534 2.538 3
 1.135 1.587 2.571 2.687 2.675 2.684 5 2.578 2.559 2.533 2.522 2.541 1.556 3.641 5 0.742 0.73 0.736 0.762 0.785 0.979 0.99 1.082 1.122 1
 2.05 2.278 5 5 4.009 3.24 3.238 2.942 3.233 3.234 3.995 1.323 5 1.133 0.663 0.994 0.819 0.982 0.762 0.75 0.758 5 5 1.699 3
 1.169 1.197 1.961 2.723 2.801 2.783 5 1.993 3.009 3.009 5 2.409 2.42 1.396 3.577 0.656 0.631 0.626 0.634 0.582 0.546 0.538 1.132 1.148 1
 2.045 2.916 2.922 1.971 1.955 1.959 1.976 1.748 2.218 1.698 1.675 1.671 1.687 1.714 2.34 1.64 1.462 1.459 1.479 5 0.713 2.051 2.03 2.031 4
 0.719 5 1.337 1.353 1.411 1.45 5 4.116 5 5 2.245 2.229 1.504 1.505 0.886 0.706 0.694 0.704 0.801 0.749 0.721 0.704 0.6919999999999999 0.71 3
 0.805 2.76 5 5 5 1.566 1.551 1.529 1.577 2.606 5 0.801 0.781 0.769 0.778 1.158 0.824 0.714 0.696 0.6850000000000001 0.6899999999999999 5 0.743 1.455 3
 2.401 2.847 2.615 2.627 5 3.241 3.239 2.799 2.783 2.794 1.802 3.857 0.823 0.891 0.784 0.796 0.397 0.872 0.767 0.879 0.871 0.886 1.174 0.9409999999999999 3
 0.579 0.624 1.477 1.465 1.477 1.695 5 1.556 3.183 2.873 3.166 5 5 5 0.774 0.744 0.748 5 0.988 5 0.55 0.54 0.545 0.586 3
 2.359 2.58 2.574 2.592 3.253 3.233 3.233 2.801 2.801 2.816 3.883 3.881 0.893 0.844 0.842 0.865 0.909 0.8080000000000001 0.782 0.873 0.873 4.299 5 1.564 3
 2.138 2.372 2.407 5 5 3.247 3.242 2.913 2.917 2.931 2.045 1.082 5 1.04 1.586 0.956 0.873 0.784 0.786 0.774 0.791 0.8169999999999999 5 1.554 1
 0.822 0.85 0.892 1.571 1.565 1.57 1.62 1.613 2.407 2.987 2.897 5 5 5 5 0.704 0.6820000000000001 0.701 0.706 0.732 0.821 0.804 0.794 0.803 1
 0.9399999999999999 2.405 2.628 2.625 5 3.269 3.258 2.819 2.802 2.794 2.812 3.862 3.869 5 0.78 0.776 3.33 0.867 0.768 0.747 0.864 0.863 0.879 5 3
 1.086 5 1.506 1.521 1.464 5 5 4.009 5 5 2.494 2.161 1.651 1.297 0.891 0.663 0.651 0.663 0.778 0.892 0.952 0.9350000000000001 0.915 0.948 3
 0.819 5 1.31 1.41 1.401 1.411 1.43 1.453 5 2.864 2.297 1.586 1.552 5 4.921 0.723 0.713 0.721 0.745 0.776 0.673 0.657 0.647 0.658 1
 1.309 4.718 4.128 5 2.895 2.348 2.369 1.646 5 4.933 0.8129999999999999 0.804 0.8139999999999999 0.837 1.086 0.622 0.602 0.594 0.611 0.731 5 5 5 1.303 3
 1.156 1.48 1.493 1.758 1.732 1.733 1.756 2.811 2.817 2.783 2.577 2.573 5 5 5 0.594 0.5570000000000001 0.553 0.5669999999999999 1.396 1.342 1.343 1.142 1.142 1
 0.805 5 1.554 2.118 2.944 5 5 1.538 5 1.473 1.457 1.465 1.491 1.713 1.735 0.718 0.706 0.714 0.729 0.756 0.8149999999999999 0.797 0.785 0.8179999999999999 1
 2.679 2.658 2.642 2.649 1.924 1.902 1.909 1.359 1.35 1.423 1.383 1.199 0.921 0.78 0.768 0.779 0.872 0.859 0.862 0.768 0.757 0.769 5 3.618 3
 0.8159999999999999 1.966 1.968 5 2.927 1.852 3.162 2.987 5 3.382 5 5 1.628 1.434 1.672 1.206 0.878 0.868 0.734 0.715 0.719 0.768 5 1.537 1
 1.37 1.422 1.417 2.563 2.584 3.205 5 5 5 5 0.9330000000000001 0.889 0.901 1.114 5 0.63 0.507 0.501 0.51 0.556 0.828 1.467 1.366 1.358 3
 0.484 1.523 1.407 1.392 1.404 1.423 1.451 2.638 2.661 3.264 5 5 5 5 0.901 0.833 0.855 0.887 2.605 0.452 0.433 0.427 0.435 1.562 2
 1.619 1.616 1.63 5 1.678 1.822 3.257 3.174 4.398 3.711 5 2.018 1.346 1.343 1.318 1.319 0.571 0.544 0.526 0.518 0.53 0.741 1.362 1.348 1
 0.845 2.743 5 5 5 1.586 1.564 1.534 1.562 1.585 1.581 0.83 0.8080000000000001 0.796 0.806 0.8179999999999999 1.135 0.762 0.74 0.727 0.735 5 5 1.465 3
 1.34 1.359 1.928 1.417 1.923 1.984 3.223 4.574 5 5 5 1.592 1.632 1.722 0.851 0.718 0.512 0.471 0.47 0.486 0.505 1.044 1.357 1.345 3
 0.51 1.428 1.42 1.428 1.617 1.467 2.666 3.279 3.277 3.284 5 5 0.883 0.844 0.83 0.838 0.855 1.037 1.7 0.442 0.433 0.442 0.481 0.483 3
 1.949 2.658 2.633 2.643 5 3.242 3.22 2.758 2.751 2.764 1.762 3.83 0.928 0.781 0.77 0.776 0.432 0.902 0.862 0.798 0.911 0.923 4.334 5 3
 2.291 2.274 2.184 1.319 1.295 1.263 1.25 1.262 1.486 1.742 1.768 1.155 1.105 1.118 2.492 1.156 1.173 0.9399999999999999 2.442 2.507 4.213 3.458 5 2.331 4
 0.801 5 5 5 4.076 2.857 5 2.146 2.842 2.846 5 2.144 2.157 1.156 3.406 0.59 0.5679999999999999 0.5620000000000001 0.575 1.638 0.751 0.745 0.752 0.779 1
 1.207 1.235 1.781 5 1.748 3.169 5 3.947 5 5 5 1.715 1.638 1.33 1.006 0.569 0.525 0.518 0.53 0.573 0.999 1.278 1.224 1.201 1
 0.959 0.987 1.724 1.691 1.683 1.695 5 1.741 2.935 2.795 2.78 2.823 5 5 5 0.603 0.591 0.597 0.624 0.64 0.959 0.9399999999999999 0.929 1.012 1
 0.761 2.484 2.678 5 5 1.668 1.653 1.63 1.639 2.016 2.017 1.076 1.055 1.043 1.15 1.296 1.319 0.6840000000000001 0.656 0.645 0.65 5 0.706 0.744 1
 3.642 5 2.647 2.652 2.194 1.884 1.88 1.336 1.324 1.329 1.477 1.187 1.611 0.782 0.768 0.776 5 0.828 0.83 0.897 0.789 0.794 4.42 3.645 3
 0.924 5 5 4.132 4.14 2.875 5 2.136 2.74 2.765 1.998 1.988 1.998 2.016 3.307 0.5620000000000001 0.539 0.533 0.541 0.571 0.877 0.867 0.877 0.9 1
 1.266 2.157 5 5 4.332 5 5 1.842 2.456 1.598 1.557 1.52 1.508 1.516 1.312 1.574 0.618 0.466 0.458 0.465 0.48 0.507 1.251 1.248 2
 0.8139999999999999 0.839 1.633 1.611 1.604 1.61 5 1.649 2.453 3.033 2.928 5 5 5 0.822 0.678 0.655 0.663 0.679 0.706 0.8100000000000001 0.791 0.783 0.792 3
 0.924 5 2.459 2.69 2.662 2.675 5 3.844 3.255 2.782 2.769 2.788 1.763 5 0.908 0.751 0.739 0.746 0.768 0.867 0.827 0.768 0.894 0.905 1
 0.552 5 5 1.352 1.34 1.427 5 4.192 5 5 2.886 1.723 1.7 1.703 5 0.777 0.765 0.774 0.886 0.819 0.534 0.516 0.504 0.517 1
 1.314 1.89 1.865 1.879 3.223 3.201 5 4.547 5 5 1.667 1.668 1.539 0.895 0.772 0.5659999999999999 0.493 0.488 0.501 0.65 1.047 1.339 1.308 1.302 3
 1.439 2.224 1.79 1.758 1.751 1.76 2.007 1.804 2.722 2.174 2.486 2.533 5 5 4.394 0.548 0.532 0.54 0.5659999999999999 0.583 1.362 1.22 1.207 1.219 1
 1.306 1.336 2.505 3.133 3.16 5 5 1.026 5 0.979 0.969 0.975 1.203 1.216 2.058 0.538 0.53 0.536 1.509 0.585 1.306 1.291 1.281 1.291 1
 2.043 2.752 2.883 5 5 1.614 1.553 1.519 1.506 1.53 1.542 1.562 0.8110000000000001 0.788 0.779 0.786 0.8080000000000001 0.844 0.78 0.754 0.748 0.755 0.778 0.806 3
 1.373 1.388 1.412 1.437 1.934 3.211 3.206 5 5 5 5 1.566 1.553 1.521 0.836 0.836 0.5629999999999999 0.494 0.481 0.493 0.697 1.125 1.419 1.38 3
 3.718 3.669 2.699 2.677 2.683 2.519 2.512 1.721 1.345 1.331 1.333 1.357 1.584 1.601 0.768 0.753 0.754 0.773 0.885 0.87 0.839 0.797 0.793 5 3
 1.752 5 2.966 4.081 5 5 1.936 3.308 4.409 2.083 2.065 2.08 1.86 1.098 5 0.571 0.5590000000000001 0.5649999999999999 0.58 0.8149999999999999 0.802 0.8139999999999999 0.837 1.65 1
 0.9419999999999999 5 1.515 1.523 1.542 5 5 4.038 5 5 2.52 2.016 1.593 1.293 2.054 0.629 0.616 0.625 0.649 0.67 1.188 0.918 0.895 0.9 1
 1.396 1.402 1.419 5 1.952 3.247 1.805 3.231 4.516 3.881 5 1.578 1.535 1.571 1.671 0.8090000000000001 0.51 0.48 0.469 0.465 0.489 5 0.916 1.416 2
 1.5 1.516 5 5 5 1.768 1.749 1.739 1.749 2.248 2.25 1.588 1.306 1.297 1.307 1.327 1.358 0.575 0.556 0.55 0.5580000000000001 5 0.622 1.491 1
 0.592 0.612 1.547 1.519 1.51 1.517 1.554 1.558 2.599 3.197 3.153 5 3.772 5 5 0.75 0.739 0.749 0.769 1.036 0.583 0.5629999999999999 0.556 0.5629999999999999 1
 0.452 0.475 1.566 1.456 1.448 1.454 1.476 1.5 2.694 3.31 3.298 5 5 5 5 0.8110000000000001 0.795 0.8110000000000001 0.848 1.02 0.441 0.421 0.414 0.421 1
 2.649 2.636 2.655 2.195 1.89 1.373 1.349 1.334 1.349 1.443 1.201 0.8129999999999999 0.786 0.775 0.788 0.8100000000000001 0.882 0.8090000000000001 0.791 0.775 0.782 5 3.633 5 3
 0.876 2.756 5 5 1.582 1.544 1.523 1.494 1.524 1.552 1.557 0.826 0.805 0.794 0.803 0.822 0.855 0.791 0.771 0.759 0.765 5 0.82 1.497 3
 0.766 1.825 5 5 5 1.662 1.641 1.622 1.637 1.678 1.679 1.057 1.036 1.024 1.048 1.289 1.076 0.6860000000000001 0.668 0.651 0.697 5 0.707 0.752 1
 1.349 1.376 1.841 1.806 1.796 1.806 5 1.846 2.32 2.386 2.372 2.418 2.708 2.94 5 5 0.493 0.501 0.529 0.541 1.344 1.335 1.319 1.328 1
 0.914 0.9399999999999999 1.535 1.562 1.56 1.559 5 4.046 5 5 5 2.019 1.941 1.27 5 0.723 0.606 0.601 0.614 0.773 0.952 1.184 0.917 0.905 1
 1.09 5 3.21 4.226 5 5 1.869 2.621 2.611 5 1.787 1.773 1.785 1.804 1.831 3.786 0.496 0.491 0.499 0.541 1.042 1.033 1.043 1.065 2
 1.94 2.216 2.152 2.188 3.058 5 5 2.915 2.903 2.477 5 3.968 1.412 1.275 1.606 1.116 1.106 1.107 0.852 0.8169999999999999 0.781 0.8139999999999999 0.838 0.87 1
 1.015 5 1.933 2.579 2.73 2.734 5 3.159 3.152 2.636 2.616 2.618 2.642 5 4.408 0.718 0.677 0.677 0.694 0.46 0.968 0.961 0.971 1.002 2
 1.167 1.148 1.23 2.665 2.769 2.769 5 2.586 3.085 3.084 3.2 2.511 2.523 1.5 3.656 0.72 0.655 0.65 0.663 0.698 0.476 0.972 0.994 1.095 1
 0.846 0.877 0.913 2.83 2.963 5 5 1.453 5 5 1.395 1.442 5 5 5 0.749 0.738 0.745 0.77 0.794 0.848 0.828 0.8179999999999999 0.827 1
 0.9370000000000001 2.424 2.875 2.632 2.647 5 3.871 3.252 2.811 2.789 2.805 1.795 3.869 0.95 0.785 0.776 0.782 0.387 0.873 0.865 0.907 0.876 0.886 0.915 3
 1.31 1.346 1.361 5 2.89 2.346 2.368 1.637 5 5 0.8129999999999999 0.804 0.8149999999999999 0.838 1.087 0.619 0.606 0.596 0.613 0.767 5 5 1.346 1.303 3
 1.526 1.52 1.531 1.553 1.578 5 1.44 3.201 5 3.787 5 2.117 1.449 1.441 1.335 0.764 0.739 0.52 0.503 0.494 0.502 5 1.705 1.252 2
 0.955 1.681 1.65 1.625 1.617 1.626 5 1.669 2.327 2.892 2.761 5 5 5 5 0.656 0.644 0.653 0.6840000000000001 0.697 0.955 0.9389999999999999 0.928 0.9370000000000001 1
 3.637 5 2.618 2.581 2.482 1.872 1.867 1.342 1.331 1.336 1.5 1.617 1.637 0.82 0.806 0.8169999999999999 5 0.863 0.904 0.92 0.786 0.835 4.404 3.623 3
 2.073 2.101 2.146 2.021 1.992 2.002 2.022 1.685 1.813 1.643 1.634 1.64 1.97 2.227 1.628 1.411 1.401 1.412 5 2.107 0.849 2.059 2.043 2.054 4
 0.856 5 2.418 2.417 2.646 5 5 2.18 3.291 2.833 2.82 2.988 1.818 5 5 0.757 0.746 0.756 0.341 0.8179999999999999 0.805 0.725 0.827 0.887 2
 0.952 0.999 1.008 2.757 2.744 2.745 2.496 1.838 1.577 1.202 1.183 1.183 1.3 1.417 5 0.6840000000000001 0.668 0.6919999999999999 5 0.947 0.929 0.944 0.9340000000000001 0.9350000000000001 1
